20230728_100710_jpg.rf.10101d5bbe54598c35ab46d8de1c4843.jpg 182,229,321,407,0
20230728_100601_jpg.rf.18b0112f328220466bf9cfc417647eab.jpg 162,189,334,330,0
20230728_100540_jpg.rf.10dd35c5b3b65cca9a19a344143c90ae.jpg 226,291,377,402,0
20230728_100540_jpg.rf.0d25868213eb4961f0d6be02a6a8bba2.jpg 222,282,390,418,0
20230728_100659_jpg.rf.10024adddcc0297f3f0c5c1b8de3249e.jpg 170,256,268,392,0
20230728_100718_jpg.rf.1b1d13a93e0808f787378330ff99ea29.jpg 272,406,377,547,0
20230728_100533-0-_jpg.rf.01f7300e2e4de95dbf06ecc46191d168.jpg 306,267,461,383,0
20230728_100535_jpg.rf.0c349b2cfd84adb5e28acdb2c9f55847.jpg 289,267,430,381,0
20230728_100701-0-_jpg.rf.015c4a3c8acdfc8359046718a63e76a7.jpg 186,243,290,387,0
20230728_100541_jpg.rf.0582caf2407e7d5408ce7d7d8ccced3d.jpg 236,292,391,412,0
20230728_100522_jpg.rf.142ceffbd316f5bf23c6bca3613a5add.jpg 259,317,403,422,0
20230728_100613_jpg.rf.127aea677df6ba132851eef8097667c9.jpg 150,218,347,387,0
20230728_100625-0-_jpg.rf.075de04d868ff562ab92273921b7275b.jpg 301,162,454,286,0
20230728_100601-0-_jpg.rf.07f0704ab90968eb68b04329d431410e.jpg 175,196,351,332,0
20230728_100545_jpg.rf.1446dddfe460d2d1cf9905e68f30d39c.jpg 214,256,389,373,0
20230728_100725_jpg.rf.18e5a24a062b94c7a6f77d3a58b0038c.jpg 296,223,381,334,0
20230728_100715_jpg.rf.1ae02a4c89cc3c3e91c9966b501d33f9.jpg 229,175,328,310,0
20230728_100535_jpg.rf.0416a5704e6b3320c9a6818c50b62865.jpg 283,264,435,392,0
20230728_100555_jpg.rf.0851d6aa37fffc88863fc43c6bd29e9d.jpg 249,204,398,320,0
20230728_100544_jpg.rf.11c4afa22bc705ea0d21b5fcffc1d78c.jpg 228,277,393,388,0
20230728_100626_jpg.rf.1a8df4f5a994e8d7a670b2ace107a2c2.jpg 260,109,457,276,0
20230728_100629_jpg.rf.03927586fc4f11821dc65717b449625a.jpg 285,168,465,322,0
20230728_100601-0-_jpg.rf.139779c6c704bbd403a7dcc691cdcb8b.jpg 175,208,342,330,0
20230728_100703-0-_jpg.rf.0f4758e86b3fa639ae3eba7608f8a8cd.jpg 216,244,322,382,0
20230728_100706_jpg.rf.1ed9f2780e00feef540fb53b5cea4bc5.jpg 224,260,359,423,0
20230728_100728_jpg.rf.2235495a15b2c4c2b9fac0c925e2a372.jpg 261,243,369,373,0
20230728_100543-0-_jpg.rf.078b98452f8b489f05c9b6278b0e6a09.jpg 230,276,401,393,0
20230728_100602_jpg.rf.1e47923f0b0d649a3f2a5999d3ccbce8.jpg 175,195,347,324,0
20230728_100542_jpg.rf.269b742cef2b7a1647dcaf275b91c9a7.jpg 213,271,387,411,0
20230728_100629_jpg.rf.286dd7d1657c6284af35702a609af6af.jpg 261,146,462,327,0
20230728_100624_jpg.rf.294eaac0765f3f1d1ef81a7052ac59b5.jpg 195,190,359,311,0
20230728_100605_jpg.rf.286f35e6be34ee62da7b60557a2d1ff9.jpg 255,289,463,441,0
20230728_100522_jpg.rf.2a9e5f0bda2e387df1a89c8cdd22ef58.jpg 259,321,398,419,0
20230728_100727_jpg.rf.2bf7b4605d4b82eaf78a94f52935906c.jpg 282,233,372,345,0
20230728_100613_jpg.rf.1c7213d7260f0d14bf5c6a1c24821bd8.jpg 152,256,344,418,0
20230728_100536_jpg.rf.2d4842eba4b1ac4c1314327df370a22e.jpg 279,264,422,374,0
20230728_100548_jpg.rf.2e43d210f1af6af73f064903227f4613.jpg 234,230,422,354,0
20230728_100548_jpg.rf.2fb11b17c7f717c5385f39805c971b08.jpg 236,236,417,348,0
20230728_100529_jpg.rf.29b5cc65de9072e4d877d45eb55b86f0.jpg 272,274,430,383,0
20230728_100530_jpg.rf.33dbfd2768f531e2223d9193f510cb37.jpg 289,272,427,380,0
20230728_100624_jpg.rf.3d0d46b7d3556d44f1ce7fa537a7a860.jpg 206,193,361,301,0
20230728_100623-0-_jpg.rf.2b2bec61039809648b0b3c13ff68526e.jpg 189,179,357,305,0
20230728_100533-0-_jpg.rf.2fd3acabb1aa615892a9eb2498c50136.jpg 296,267,466,407,0
20230728_100623_jpg.rf.325bf61c545c1bb0830031af379220ce.jpg 168,197,331,302,0
20230728_100624_jpg.rf.3c0e82e8d2ba0cc1e30cdfe0e48df56d.jpg 209,181,374,305,0
20230728_100545_jpg.rf.36dc2af8884f32e6ed2ef82b271e0dea.jpg 204,245,397,394,0
20230728_100627_jpg.rf.3c29526d9180b05fd5c3e56aadff5aa4.jpg 306,154,516,336,0
20230728_100529_jpg.rf.40b262bc755f85edecfc983343a1e1ce.jpg 263,249,442,393,0
20230728_100701-0-_jpg.rf.3ea436e75c2f77160083a908a72c40d6.jpg 183,245,294,394,0
20230728_100522_jpg.rf.4022cd1b51730fd8a365c7bf7ff29328.jpg 259,317,403,422,0
20230728_100544_jpg.rf.45be5dd75fb4013f0bd4a05beb67428e.jpg 228,277,393,388,0
20230728_100706_jpg.rf.41c6c2e15c03b3cde441e905ac9e78af.jpg 239,273,351,419,0
20230728_100534_jpg.rf.46a67b19954b099251e32ebcd4caaf9c.jpg 316,261,454,368,0
20230728_100541-0-_jpg.rf.4692b582037cbc4a972f899706f0cc87.jpg 229,277,404,407,0
20230728_100540_jpg.rf.483cc36851404d5e91f14ec10b2fe933.jpg 222,283,389,416,0
20230728_100604_jpg.rf.3f0d91a836c5aa7684285d497b40bc2a.jpg 220,293,440,467,0
20230728_100726_jpg.rf.38fa2742ecf70f06324164b74ab9d409.jpg 267,213,377,341,0
20230728_100541-0-_jpg.rf.477c066cd246b18dc287a5deff6bca73.jpg 228,272,408,412,0
20230728_100729-0-_jpg.rf.4a0a125bb52ff59fdde9d6a7b385b4d0.jpg 252,247,346,362,0
20230728_100604-0-_jpg.rf.46d223f3494dddf49b90f47e54d4e365.jpg 252,304,446,440,0
20230728_100701_jpg.rf.4db499684d9e01d84b78a903ca8ff279.jpg 176,254,283,397,0
20230728_100532_jpg.rf.4dd94f2c7a03581b332e2881b731ea28.jpg 286,236,446,373,0
20230728_100628_jpg.rf.4fdd3066a28ae031e87eaead7c95e952.jpg 283,166,462,310,0
20230728_100614_jpg.rf.4f6efa08d63ac4fe881f3012b4b3a437.jpg 139,247,326,383,0
20230728_100523_jpg.rf.490b7cc9fee0c58578b2fdaa2dd2e6e7.jpg 236,318,391,421,0
20230728_100729-0-_jpg.rf.5047b105f6ebb419c4f20289873e7f61.jpg 235,243,356,379,0
20230728_100715-0-_jpg.rf.4a5edb66367141060ca71b9a7084d62d.jpg 218,135,337,281,0
20230728_100715-0-_jpg.rf.4ca10e8e261272e96b75925acc11fc35.jpg 212,135,335,284,0
20230728_100602_jpg.rf.495ac07655873841a37dcaeaa0e31444.jpg 167,193,347,334,0
20230728_100604_jpg.rf.559547ba27180ffd5bf9a1e0da9590e7.jpg 246,309,441,443,0
20230728_100534_jpg.rf.551ba0ff4b37e5db9a90acd6ccffc8e2.jpg 314,256,456,368,0
20230728_100701-0-_jpg.rf.536d13f5aa1a124378c129eb6d7e2cbe.jpg 176,249,301,407,0
20230728_100526_jpg.rf.56619265b08c129bcfb4235b0e176d25.jpg 232,313,388,426,0
20230728_100700-0-_jpg.rf.511a63812da41c9107acb39236ff3b94.jpg 173,233,288,387,0
20230728_100700_jpg.rf.50d10daaf7c81af00aba0bf38ad31d15.jpg 174,264,283,413,0
20230728_100521_jpg.rf.513287ba1630615a37068d8cd4cba8e0.jpg 260,317,405,425,0
20230728_100605_jpg.rf.5dac0c543b009384ac38e25ef59f55a8.jpg 256,296,457,438,0
20230728_100710_jpg.rf.5677fb7a3d087863df0b648d8a10cb50.jpg 174,232,328,419,0
20230728_100700_jpg.rf.566a7fc8808706c6bcdfd364bfffeca3.jpg 170,270,291,426,0
20230728_100703-0-_jpg.rf.5a78b12eeb8030528d39eefaa399f2d8.jpg 205,222,339,381,0
20230728_100708_jpg.rf.5d57a5aa3c4f5ad1cebb711320d6b443.jpg 200,247,323,409,0
20230728_100728_jpg.rf.5bbb1836270591b4eaefa3551b7439de.jpg 272,249,362,366,0
20230728_100659_jpg.rf.55a29e486ec978e580547297bc99e896.jpg 170,264,270,401,0
20230728_100603-0-_jpg.rf.598a70e5b3e53b181232035d082b376b.jpg 262,301,459,448,0
20230728_100532_jpg.rf.61076f4627cfda7de43dbed69f19dedf.jpg 291,259,447,389,0
20230728_100719_jpg.rf.5f5d09aec6a572aacebcfaa7729d23f0.jpg 240,285,385,454,0
20230728_100625-0-_jpg.rf.659eb8f3e9157685fd3f33d78b6a0031.jpg 288,155,443,281,0
20230728_100710_jpg.rf.63e4b3eb1988ef10c3c88b7370e0a3a2.jpg 193,227,311,390,0
20230728_100604-0-_jpg.rf.656484454a579bb8e622cb051fc38236.jpg 244,299,447,449,0
20230728_100722_jpg.rf.67e828b7a44c595c111fb6812c897d76.jpg 263,237,383,388,0
20230728_100617_jpg.rf.696a40ccaea28b5ca434b7ae6e3c23c5.jpg 85,204,277,358,0
20230728_100543-0-_jpg.rf.6bc9da9ec171f1c008f998447369e6ab.jpg 232,280,398,388,0
20230728_100614_jpg.rf.699620176fefea9f0c83cd6c7fcf6b61.jpg 138,247,327,387,0
20230728_100726_jpg.rf.6e73346946b23431f133188e6e1e9fc3.jpg 290,223,375,334,0
20230728_100659-0-_jpg.rf.6a0d26c108747171ba231f5031f2c7e2.jpg 162,225,286,384,0
20230728_100715-0-_jpg.rf.66fffd77a8524d8ce7506a498cb826c1.jpg 245,137,345,269,0
20230728_100526_jpg.rf.6884f00728112508cd5acabdf4f1d4c1.jpg 232,315,384,422,0
20230728_100618_jpg.rf.5f7d4da5355f3475413a9d39e53fe41f.jpg 109,226,292,365,0
20230728_100714_jpg.rf.6f746a59ec6687f96b1fc0714e8cb9c2.jpg 233,207,326,335,0
20230728_100611-0-_jpg.rf.7968113285b407686e5e102ebd9bbf74.jpg 182,252,349,366,0
20230728_100623-0-_jpg.rf.6ac13541b342d192a5567d01551f5ae3.jpg 166,193,339,326,0
20230728_100719_jpg.rf.7771ccc109438562ac20b83d7b9b89e6.jpg 270,297,381,443,0
20230728_100544_jpg.rf.702c9e5510aafc531e067f279a4cef1e.jpg 229,278,392,387,0
20230728_100615_jpg.rf.8115681e29b2e455c8267ee701af9380.jpg 122,223,302,361,0
20230728_100553_jpg.rf.78a1c685a2c463b1dc37ea598508d632.jpg 245,201,430,352,0
20230728_100542_jpg.rf.8225da07c71f34e4f31a97ef02d72180.jpg 214,273,383,405,0
20230728_100627_jpg.rf.82b9af3d1083e1c02a1eb4b230848552.jpg 299,155,481,297,0
20230728_100603_jpg.rf.8083fbc2e4d0a784ef3e1ffe62a910b1.jpg 279,299,466,438,0
20230728_100725_jpg.rf.7846f7d651ee893b316b245837fd4f5d.jpg 293,220,398,345,0
20230728_100700-0-_jpg.rf.815285d449e871f5a35596a9f5c1a704.jpg 175,254,287,406,0
20230728_100718-0-_jpg.rf.6e074af162f61792ceb52cfe60bed4ea.jpg 238,392,368,555,0
20230728_100604-0-_jpg.rf.80c4b60324841a8b241bc99c0ca1e7c3.jpg 229,290,447,464,0
20230728_100625_jpg.rf.89650363325ed65b915fe5ab97606f63.jpg 272,165,427,288,0
20230728_100555_jpg.rf.8ad2b063379698d1824d2d0e7650ecb1.jpg 250,197,410,328,0
20230728_100617_jpg.rf.8b949787716c5bda78f2c583b386ee1e.jpg 88,228,266,364,0
20230728_100541_jpg.rf.8edadd5822c9923b2ca22270a5e87ae5.jpg 242,298,390,408,0
20230728_100718_jpg.rf.8fe9faefabcbe3d1967b2f823ea028c9.jpg 292,391,427,552,0
20230728_100623_jpg.rf.828843e50b8788e5cd30967c45c14054.jpg 146,198,327,334,0
20230728_100523_jpg.rf.916279c6bbf86ad362b58fe7e11968ce.jpg 236,320,387,417,0
20230728_100536_jpg.rf.87a312eb11ee574e8d3ddbaa851822ba.jpg 268,256,433,397,0
20230728_100555_jpg.rf.906dcb66fd677564f8e3a6ff76c03534.jpg 241,199,398,325,0
20230728_100700-0-_jpg.rf.9115cd681d5ff50699d967bdb631a4e0.jpg 181,249,279,392,0
20230728_100625_jpg.rf.903b6db1c2d9b4f9404df6fc49c22ab3.jpg 269,168,417,281,0
20230728_100659-0-_jpg.rf.92b681ccd95cd1308d2f5bfcd7a176f0.jpg 173,261,276,408,0
20230728_100626_jpg.rf.84287fa27441acef000ca873364c4fd3.jpg 265,113,459,276,0
20230728_100623_jpg.rf.94fae741cc180c699ac1ce0d99e11927.jpg 162,197,330,310,0
20230728_100702_jpg.rf.92a3d1e003e60f60196538287139c2f2.jpg 196,230,307,379,0
20230728_100625_jpg.rf.9511ae19b2c2423058eb84889432a167.jpg 254,158,413,286,0
20230728_100623-0-_jpg.rf.98b66b22b17de3fb39cfc2115a6b7dc5.jpg 185,194,342,302,0
20230728_100601_jpg.rf.99cbff04358abe18ad94013509b6fa56.jpg 162,186,336,330,0
20230728_100536_jpg.rf.985682ef867c9d7a2075b4eddb54105f.jpg 267,241,432,382,0
20230728_100618_jpg.rf.9ee2d125204305a016f7c181ef054769.jpg 106,196,306,359,0
20230728_100548_jpg.rf.9bb1c14f213862ce05ddbef0ba827373.jpg 225,223,420,359,0
20230728_100714_jpg.rf.9eb0455aef8ea48ea6a6940857360f22.jpg 233,206,328,336,0
20230728_100539_jpg.rf.95f8226313b118ca2800d08ace614fce.jpg 206,291,368,413,0
20230728_100727_jpg.rf.a368b1bc1818ddbb46b8ca2a6a9c44e0.jpg 274,229,373,348,0
20230728_100602_jpg.rf.9fd4db1dcfcef77e03a72daa994b7763.jpg 159,192,347,344,0
20230728_100543-0-_jpg.rf.a428fbc80ecab31d3f9f519e6ebb691b.jpg 232,279,399,390,0
20230728_100531_jpg.rf.a4442a6d4b4232ac5cb0b92fbc339437.jpg 276,248,441,379,0
20230728_100523-0-_jpg.rf.a7b67b9d3acbeafdbab89c41df9468e1.jpg 262,304,398,396,0
20230728_100603-0-_jpg.rf.a5d6196c9e5134e34366dc2aa73ac06b.jpg 262,312,449,443,0
20230728_100725_jpg.rf.ad62efd97fd9529304e2ae099637bcd6.jpg 294,221,395,343,0
20230728_100541_jpg.rf.a64a964b98b6db7846065c7e6fed1199.jpg 231,287,392,416,0
20230728_100523_jpg.rf.ae3d5c50e23f5280748adc73c1876b4a.jpg 218,302,386,429,0
20230728_100542_jpg.rf.a9c1b4b562c667abcdad85ed3b2b2813.jpg 219,280,374,392,0
20230728_100728_jpg.rf.a69456de045c600fa0c53cd2c0e89750.jpg 265,242,373,372,0
20230728_100704_jpg.rf.b019777f788c3691120a74341db50ad7.jpg 202,234,313,384,0
20230728_100530_jpg.rf.afd83cd28b8ca9130bd82dbb7e6ec9ef.jpg 289,272,427,379,0
20230728_100529_jpg.rf.760b91603300bfccde0be22bf524417f.jpg 271,270,432,385,0
20230728_100612-0-_jpg.rf.b04001cd7c19ac270098aa9b4d72a707.jpg 182,275,360,405,0
20230728_100521_jpg.rf.b0b2150ffefbf86c94ee58d3fd76d519.jpg 261,310,412,428,0
20230728_100545_jpg.rf.b34278344c9ad3aab498c595f52d44b1.jpg 215,260,387,371,0
20230728_100722_jpg.rf.b532532eb3d2f686391e72277b7a6f57.jpg 267,240,379,385,0
20230728_100603_jpg.rf.b2539cb7100a505d86b473381e034f4c.jpg 268,302,461,450,0
20230728_100706_jpg.rf.a7bfcfb996dd4baed7c0374cb03117e6.jpg 239,272,353,420,0
20230728_100704_jpg.rf.b4c5c70a794a3e13e0d6b6081a95b473.jpg 196,235,318,392,0
20230728_100523-0-_jpg.rf.b2eaf70795b9dfba1210c8f9908790d9.jpg 261,298,404,401,0
20230728_100615_jpg.rf.b2cb96143df937d928a4d469426c4deb.jpg 106,229,311,402,0
20230728_100618_jpg.rf.b91dbb019f87324d020256d05262cb05.jpg 111,237,288,367,0
20230728_100541-0-_jpg.rf.b71013946f3ae0d3b5a12485a48a4b9f.jpg 232,288,393,394,0
20230728_100526_jpg.rf.a90eda2f985463a399d93080d27d4fe0.jpg 232,315,384,423,0
20230728_100520_jpg.rf.b60f8fba96b2d3ed949a14b3d0b12ead.jpg 260,324,397,427,0
20230728_100731_jpg.rf.bbfda6dc7a75928fe612af0d57806a2d.jpg 269,264,383,395,0
20230728_100553_jpg.rf.bd9a18e0d30a6c9e40bfbdff04879742.jpg 245,199,433,355,0
20230728_100614_jpg.rf.b7b11c57b1ae616fd9f860229f255114.jpg 130,214,340,384,0
20230728_100731_jpg.rf.c26d894482317f0244e9802f5c96ddaf.jpg 277,272,371,388,0
20230728_100531_jpg.rf.c1c5d11906958a44211db1e3d2785d9a.jpg 286,270,433,373,0
20230728_100718-0-_jpg.rf.c3336cf4cccf0b99dd1fcfe4c112b211.jpg 242,394,370,555,0
20230728_100700_jpg.rf.c900ed6c3d8ef6e5bb956bed0189933f.jpg 179,259,274,398,0
20230728_100701_jpg.rf.bc7f66d4df9bf848a4167e62db39901f.jpg 180,261,280,399,0
20230728_100708_jpg.rf.c6391f72ac7bfc4a2ace918727b48981.jpg 190,248,339,429,0
20230728_100715_jpg.rf.b76d18af21e37f19c201c69a9a6fffa1.jpg 208,176,326,325,0
20230728_100617_jpg.rf.cafa9085bf33ad24100cfa4c8cba2f39.jpg 73,244,279,420,0
20230728_100520_jpg.rf.c8ac4bd2edf6ccd156ec2cdc41f9ab2d.jpg 272,312,417,429,0
20230728_100530_jpg.rf.c5c2f8014a103d672df86292d7dc6560.jpg 278,267,435,401,0
20230728_100702_jpg.rf.cb7a518dd4930101e313a12e459e2fd0.jpg 193,231,309,384,0
20230728_100731_jpg.rf.ca7f10cb525b26457c92157e664cea1d.jpg 276,272,372,389,0
20230728_100704_jpg.rf.c4e9cfba98ec6a99e4486cce6608aa6d.jpg 191,236,322,400,0
20230728_100603-0-_jpg.rf.d10716a8d8641f72e64c02d8e0db62e3.jpg 262,296,463,449,0
20230728_100532_jpg.rf.cbc7f843ed470ab05b420ea44b2eacab.jpg 299,261,438,369,0
20230728_100611-0-_jpg.rf.d1b02007e1532b323494abd9802d593a.jpg 174,248,356,384,0
20230728_100708_jpg.rf.cc5f497891cb7a5996e954276fbe83bd.jpg 187,249,343,434,0
20230728_100534_jpg.rf.cf65ee20d20272e4d6bec977da961c94.jpg 313,254,456,368,0
20230728_100726_jpg.rf.cd3afd75df3628df237ff582136b3faf.jpg 289,221,386,340,0
20230728_100539_jpg.rf.cfea3c2ec8fd2be80a1d2ccc6ba32931.jpg 214,297,379,424,0
20230728_100659-0-_jpg.rf.d49cb9b958200d3050b6cf7b9a1904f8.jpg 177,258,270,399,0
20230728_100533-0-_jpg.rf.d4dc773de9fc82232919857ceff33ec8.jpg 309,267,457,373,0
20230728_100703-0-_jpg.rf.dbf0574c21d8f4f8bb1c499c53c73226.jpg 212,244,325,388,0
20230728_100612-0-_jpg.rf.d1bc7449c35c82172d99caea4f76b642.jpg 177,270,372,423,0
20230728_100626_jpg.rf.d8bd30fa07e1daf802cbbf0a6aaf96b3.jpg 302,141,473,271,0
20230728_100531_jpg.rf.ddbf5c3b4c74fe6be2d08a88ccd475fc.jpg 275,245,442,380,0
20230728_100605_jpg.rf.dff0fcf472e20a1bf6499296aca17f44.jpg 252,294,458,443,0
20230728_100719_jpg.rf.dafd3cda7383ff291777cc248bb4b0a6.jpg 255,291,383,449,0
20230728_100611-0-_jpg.rf.daa91cced9566d37f43e5700856e1bf3.jpg 178,250,353,375,0
20230728_100628_jpg.rf.e1f77fc1d15050e891ff49dee2b174f9.jpg 289,165,491,339,0
20230728_100523-0-_jpg.rf.e49c59800aec039204d93b2f2ce136cf.jpg 247,292,400,412,0
20230728_100601-0-_jpg.rf.de53ac4ad28c778bdd2bf43c680b0cea.jpg 168,207,343,340,0
20230728_100718_jpg.rf.e5a755cce51696f81f6b9de2aabc3c95.jpg 248,401,368,552,0
20230728_100727_jpg.rf.e6b9662d041311ff0a2062cb60e32d17.jpg 283,234,371,344,0
20230728_100553_jpg.rf.edf008f0bfe4fbea99bad1f4cfe6ff19.jpg 246,215,409,332,0
20230728_100722_jpg.rf.e7544a4d5a48f8fc8120170a3d87ee7a.jpg 266,239,381,386,0
20230728_100729-0-_jpg.rf.e821a401842100dcc1e9d33927565bff.jpg 244,234,360,367,0
20230728_100702_jpg.rf.e1387f2faac93b319d05bd57b97ada1a.jpg 200,229,304,373,0
20230728_100603_jpg.rf.e90048fef6c853afae5587ffcabed2cb.jpg 279,306,460,436,0
20230728_100625-0-_jpg.rf.f0220d3f5e651091d65c61490f4d8b8a.jpg 299,163,446,279,0
20230728_100718-0-_jpg.rf.e7f4b80a4aad560a57969bbe3bc9addc.jpg 265,399,378,550,0
20230728_100520_jpg.rf.df76c00ef312460acc381bf7dfbe06db.jpg 269,328,398,420,0
20230728_100601_jpg.rf.ede4049c752604dffd96585b51c3870c.jpg 162,207,320,330,0
20230728_100628_jpg.rf.ef3d1dcba4605128776e14193e6ee354.jpg 286,169,462,309,0
20230728_100613_jpg.rf.f0a80b00394fe7a57d2915355847e87a.jpg 162,256,331,386,0
20230728_100612-0-_jpg.rf.f36749aae7cd2c81c19e7c03c45f5e0c.jpg 180,274,363,410,0
20230728_100627_jpg.rf.ed1f27dc39df93e4234458ea0571d660.jpg 305,154,512,331,0
20230728_100615_jpg.rf.f61affce9acc8af1a69eb7496fbd81ef.jpg 118,178,326,356,0
20230728_100539_jpg.rf.f24c550acab7ddc6e371b7afebe4345a.jpg 215,304,366,408,0
20230728_100521_jpg.rf.f7182beff193eede33e0632b6afceda5.jpg 259,325,395,419,0
20230728_100659_jpg.rf.f3ed426588e2c417e64851a1f3decdfc.jpg 173,261,266,393,0
20230728_100604_jpg.rf.fcab5638caa8dd790dbe9106b88ec571.jpg 218,291,440,468,0
20230728_100714_jpg.rf.fafc638aec3e4f7876edbcc0d238063c.jpg 232,197,340,336,0
20230728_100701_jpg.rf.fef556fd57610375c5dd553aafb9d0a0.jpg 176,254,283,397,0
20230728_100715_jpg.rf.fe6af97712ef6dc4092e984bf2b55bfc.jpg 199,177,325,331,0
20230728_100629_jpg.rf.ea003c6bca552b7254f27e71fd93baca.jpg 292,175,465,321,0
20230728_100535_jpg.rf.f643d8856432e57df940c97fbd316fe3.jpg 289,267,430,381,0